5.78912266303
3.7385874912
6.60262885695
5.98129567133
5.48225758089
3.78705276921
3.99632526097
5.27618966899
3.69214693169
10.3802698198
4.77782566386
6.04702003616
5.17631852597
8.49772026525
4.95996054648
4.65597953358
6.17936404708
5.79118196007
6.66489618948
4.41061478495
6.8041377659
5.24806136172
6.06918119703
3.72142573175
4.59849404865
6.05122389811
6.69731168873
6.06505361164
5.82606982962
3.2855825029
10.0387056106
3.92630252829
4.99076961686
6.07719322768
5.48491824767
6.95971110814
7.51537315473
4.94543637436
5.86192676497
3.70202635022
6.46609397558
4.42237666094
5.80177303563
6.78311027742
6.9467255967
5.12579143982
4.19596226048
3.45352527053
5.3484501223
3.24551551608
2.85831619583
3.69615002162
8.23616101165
7.32921755327
4.19414960283
6.74697867218
6.4350414508
5.09204930018
5.27179181787
5.45259176731
4.05929872381
4.24967175582
4.24498945657
6.32453713962
5.08477869262
6.66713246066
7.3743462531
6.83333463778
5.85295217467
4.37447359984
6.1112148543
6.58970100073
8.058809568
5.18316851811
4.14829450073
4.64375058646
4.40455402547
5.76259075717
4.53631345302
4.45232027375
5.57513004601
5.08526499557
4.69768995932
5.21918159312
5.14503639422
6.72709256819
6.03596058124
4.0847222532
6.84205555046
5.10979764879
5.71210706558
7.81165076382
4.49130801618
4.18075882855
3.92338863396
5.47569110195
7.7164495867
5.5129923792
5.13720656488
5.20580129689
6.84151222213
3.91103801988
6.49085357237
5.62901535211
7.23041433279
5.90991659737
5.79462741319
6.660827937
5.0514600658
6.37746037755
5.14702752797
4.37516817397
5.33293419307
7.42726472939
7.56718171394
4.71253843375
3.82202878796
4.57246822987
3.60129249365
5.6789858839
4.47286371629
4.05414165579
8.3893200314
4.22138768329
6.32079661054
5.04286538303
4.2728178423
3.88636431136
4.47382739701
7.04454402167
4.12539513456
6.56758224318
7.75381755574
5.89484305514
6.83716710257
6.16018453146
4.80177141649
6.64938239599
5.84801724338
4.32836857726
5.98952991954
5.79058831502
4.0644094256
4.66616122768
5.31236431309
5.87733630511
7.81809071526
5.20889599939
6.56751738789
1.57985245226
5.50373571176
5.14464042726
7.93757805485
7.92573577528
8.50136989976
5.24241331782
5.27041983291
4.70941243159
5.23495874938

