1.515486684717293945e+12 4.510820090961555664e+12 9.971147191604943316e+01 8.919720004281393244e+01 1.149874655333275228e+02 1.374413654907164606e+00 1.120577114047770273e+00 1.528783547301822976e+00 8.804192396755975381e+01 7.984928421781009433e+01 2.491724418823595499e+01 1.024138438905567057e+02 3.502254224341932343e+01 8.457004484600133543e-01
3.077323489156078125e+12 4.733386636394737305e+12 6.712535398211301185e+01 4.298282841866254245e+01 1.505904438320801653e+01 1.318855398290434078e+00 -8.976754840994008333e+00 -8.011134409087674157e+00 1.775705499786312487e+02 1.544917837959983729e+02 1.141574644645176591e+02 1.200315035608784200e+02 1.857967317976514465e+01 7.883713642420556722e-01
5.433649043690688477e+12 4.774787808912621094e+12 9.347901503776118659e+01 9.389988167602068359e+01 9.449286565481800437e+01 1.413523715634847022e+00 1.201827918714567289e+00 1.373749896277717264e+00 8.698033487748109849e+01 5.948048211013403375e+01 3.762286089606866568e+01 9.764707848561592129e+01 2.433201066752081942e+01 8.937050854955007617e-01
3.714108871678361816e+12 3.687349347510955078e+12 6.113001544246473884e+01 7.980792285835865130e+01 8.429127817192916439e+01 1.094959914046391009e-01 7.779823224654845992e-01 1.484096111439535459e+00 9.756334217079702853e+01 7.831386750370712946e+01 4.524342249560240248e+01 8.961416166862990451e+01 3.006580310264834210e+01 8.198081154140630655e-01
4.987207204169433594e+12 4.665458212786312500e+12 9.618402561106690030e+01 9.243157817678130073e+01 9.374244003446412421e+01 1.278868937377317883e+00 1.355473206386985874e+00 1.376573029811671622e+00 8.708019152910287630e+01 5.447130750720392456e+01 3.584743931361369107e+01 7.981879112344456928e+01 4.139497241138461447e+01 9.728550647768159365e-01
5.101718483235750000e+12 3.838498065107600098e+12 1.160295306379464648e+02 1.082759132591913129e+02 7.924592217919557413e+01 2.074270457158455372e+00 1.725797613367448413e+00 1.216803862097185496e+00 1.797058574406908065e+02 1.360975916684394349e+02 1.053357749170445175e+02 1.089099192524695638e+02 2.845862920723630651e+01 7.481653306543050164e-01
6.005924107209760742e+12 5.774840027036739258e+12 1.013858547739762486e+02 9.023648327844482253e+01 7.924180269559244039e+01 1.830312770770832431e+00 1.382453866316951441e+00 1.031820922818363462e+00 1.059908552935138317e+02 6.711711278088419874e+01 5.899486696292942867e+01 1.065656943601073294e+02 4.297323281025889941e+01 9.400879714312491142e-01
6.494854818284731445e+12 4.986717400115821289e+12 8.824357045746754125e+01 8.057760064476218531e+01 6.278346753603048569e+01 1.319881843159556478e+00 1.044680428797591931e+00 1.311461945866943424e+00 1.207566869273532859e+02 1.243157964454282762e+02 4.406870614499052152e+01 1.350739707670563234e+02 2.747081748323673267e+01 7.490437615346841049e-01
5.142740128894145508e+12 4.522872328980500000e+12 9.016266107798351470e+01 9.007682532726676072e+01 5.771414473130783307e+01 1.804090070949402769e+00 1.294955599674409097e+00 3.987214745901516977e-02 1.098774036065806854e+02 1.168024143491499984e+02 7.284742333561655414e+01 1.045097963919083668e+02 1.613473684637223826e+01 8.371896866036309115e-01
3.913532486175812012e+12 3.896664202536291504e+12 1.021538694225091319e+02 9.415582048729130804e+01 1.227212487410496919e+02 1.244500780340547008e+00 1.032877436558304218e+00 1.896712512920669447e+00 7.854577219159881452e+01 5.518044447692211207e+01 2.692978702154569959e+01 8.978568519005263227e+01 1.911921389717355524e+01 8.422545823545054544e-01
4.931172526690115234e+12 6.429475990278984375e+12 1.055978648101640687e+02 9.739127605527187370e+01 8.840713014140672499e+01 2.070525996164427340e+00 1.638654297739450927e+00 1.619881402508704937e+00 1.284568888262326709e+02 1.262758124418825929e+02 6.595125060023764263e+01 1.602873328288081325e+02 3.318473497588272636e+01 7.644438702009727082e-01
5.959284268632933594e+12 5.499986305889745117e+12 9.823056807534891277e+01 7.611882827919397698e+01 7.132043717707909991e+01 1.219070640278833162e+00 7.072378043094124100e-01 1.420723251413051891e+00 1.469654702251278877e+02 1.032962492815471194e+02 4.922721589676067566e+01 1.142779589697087630e+02 2.293877457232749606e+01 8.811488594796125229e-01
1.925177459469125732e+12 3.769184809821482910e+12 7.695947690143964337e+01 8.058582196769532402e+01 8.014427607992530511e+01 7.881651155093245542e-01 9.053033196114979031e-01 1.123603733336245858e+00 9.694313920063285650e+01 4.621500617893169505e+01 4.255859756937581295e+01 8.318186604545491036e+01 2.627291082332972749e+01 8.606622911208177129e-01
1.465609391319271729e+12 3.903807363144443359e+12 7.565213596612719016e+01 8.881211373466184966e+01 7.640917835999121621e+01 7.685698376733404169e-01 1.120724884217415562e+00 1.095043041326617006e+00 8.770479386196724647e+01 7.104904226574568327e+01 4.379223144582675786e+01 9.684070417683979315e+01 2.774383442588694848e+01 8.094453146994099457e-01
3.545446172125733398e+12 4.273676795097366699e+12 9.086000975123329226e+01 8.907521827793098623e+01 7.629096447823680194e+01 1.440324700941497671e+00 1.160001912927991041e+00 1.799719165207454452e+00 9.348281597936642129e+01 1.165991587094663942e+02 6.334184818389627480e+01 8.859700980078075361e+01 3.893499239448176752e+01 8.881987441314057596e-01
4.577049963485179688e+12 4.336643050208836914e+12 9.308756551592016137e+01 7.999148670238794523e+01 8.118693455556521599e+01 1.646683815891363256e+00 1.581299195652104528e+00 1.448533334952416096e+00 8.471264255470291005e+01 6.770359284587611626e+01 5.041936751338762690e+01 1.006233898610895210e+02 2.734873016834139747e+01 8.367884834062664368e-01
4.565979404683062500e+12 3.897758251302105469e+12 1.084835687472136811e+02 9.148513287070601052e+01 9.910602767679820602e+01 1.439530718666175879e+00 9.727852520242589174e-01 1.370090117664909179e+00 1.164122485528465205e+02 6.611339047422220006e+01 3.049359691983709553e+01 1.068147782120238674e+02 6.239787795444560636e+00 7.635831678586382232e-01
4.861370659127811523e+12 4.128930165767894043e+12 9.948987663015925875e+01 8.689070225225448496e+01 2.684342281346893699e+01 1.591035719366462375e+00 1.555912760276168205e+00 -2.083646775451521105e+00 1.568889253345065811e+02 9.447287356645855994e+01 4.259504477437911163e+01 1.210139210409092527e+02 2.540586919338838712e+01 7.268394793067870507e-01
4.886655566860164062e+12 4.609538254873823242e+12 1.048121057595319456e+02 9.648014455348889840e+01 1.020152976978604755e+02 1.612686926290907374e+00 1.214784214079700053e+00 1.271374301834927500e+00 1.396960530490974861e+02 1.076018803508643487e+02 4.078979547858238419e+01 1.243073511791851473e+02 3.068018601998844730e+01 7.590773100541027274e-01
4.378628065861554199e+12 4.677758475419284180e+12 8.978737469398676296e+01 9.846968143934373074e+01 9.887885017501504592e+01 1.373502661248671375e+00 1.095561016817534261e+00 1.258224194080996172e+00 9.625963559994448815e+01 6.650243620807495404e+01 3.607866646530816723e+01 8.094481872922760601e+01 3.893320128401167324e+01 9.681674091687821893e-01
1.237341667041325684e+12 1.718940108401773682e+12 7.520878610441680223e+01 8.279582320574515109e+01 7.073162367894428826e+01 4.237609019603039151e-01 3.692253030341375863e-01 8.362858181155394810e-01 6.127611372563966796e+01 5.293225172008777690e+01 3.080997102022896783e+01 3.947767755119991051e+01 3.349914708278839015e+01 7.967530094618139325e-01
4.532119505557054688e+12 3.956216154394804199e+12 8.316385291825655202e+01 9.089689984945350432e+01 7.172373280440903898e+01 1.498706665772870039e+00 1.944444319217631945e+00 1.785369435943551020e+00 1.066964935430910657e+02 9.254254053137351832e+01 6.105379499383121811e+01 1.077693000148869515e+02 3.151269501779699667e+01 7.655209908287576859e-01
6.070087011257631836e+12 5.008327513153043945e+12 9.410227286687738513e+01 9.926827168674719815e+01 7.646266656936890627e+01 1.824293231977025309e+00 1.062950790207714435e+00 6.749823289036307461e-01 9.723775078710200148e+01 6.071516670610377986e+01 3.416105488475366769e+01 9.197668249877153812e+01 8.556944596013401849e+00 9.435532517342695158e-01
3.318918899957173828e+12 4.083800593249407715e+12 1.377390255049329539e+02 9.827838048608420252e+01 8.114964462383831290e+01 2.766058303071642133e+00 2.208995393495114534e-01 1.970054648106816408e+00 1.887175126301893897e+02 1.658870748379599434e+02 7.253317525476651895e+01 9.014599513080023030e+01 3.125891845793763579e+01 8.606626810541579964e-01
2.830846481694749023e+12 2.087834482514219238e+12 5.905442453227924915e+01 7.563428276821829854e+01 9.676419922823924935e+01 5.486189960631262519e-01 7.612913030166245099e-01 1.519656746982202655e+00 1.101678464167434726e+02 6.194389462079869446e+01 4.744877038651297596e+01 4.597106832579156332e+01 4.575175738738260378e+01 8.275089346683769387e-01
5.202814996884568359e+12 4.396946248972158691e+12 1.126461129700648769e+02 1.059130118677097272e+02 8.052210470946283749e+01 1.487808463027872508e+00 1.350065756362929692e+00 1.216047625380295649e+00 9.180188979802849758e+01 7.285850127116944464e+01 6.780339666218240779e+01 8.197441976494992844e+01 3.176072566886914306e+00 9.344475625509300887e-01
4.136643530046480469e+12 3.629973797212554199e+12 8.645626547979834697e+01 9.108189315588209922e+01 8.671441715159610908e+01 1.311726812601630376e+00 1.679262976334110702e+00 1.600749838544321291e+00 1.009029247473913244e+02 6.599749650082398489e+01 4.643643158327241593e+01 9.502955381845778504e+01 3.000697246995825651e+01 7.876903627139507647e-01
4.563974507424583984e+12 4.808262244519287109e+12 8.534130935696528297e+01 9.004718590118773136e+01 7.158941828360505610e+01 1.220978876779186262e+00 1.105696503623783356e+00 6.907335413966274595e-01 1.120656758797283317e+02 8.940704939502937521e+01 3.547890845526884362e+01 1.177948924772729526e+02 7.925719558315922342e+00 8.048040844058684806e-01
3.682662808509884277e+12 6.187612962338180664e+12 9.141794318482321557e+01 9.316839485729259707e+01 9.434312326767633294e+01 1.425364224229317411e+00 1.370532670438512346e+00 1.492153318481567847e+00 8.329451898419195288e+01 8.121832267014941920e+01 3.309466375166604735e+01 1.053696253178738118e+02 5.662507996877574001e+00 9.796145244397875818e-01
5.001961757462337891e+12 5.238401485942058594e+12 8.350584230622169457e+01 5.126451347450663576e+01 7.557592968909065689e+01 1.843335458427318052e+00 1.903576112112281837e+00 1.953634237674955587e+00 1.587470240668760084e+02 1.193435788278089547e+02 5.806528383937502724e+01 1.447192585594074501e+02 2.786879552019528461e+01 7.326786017557388453e-01
3.669162258842235352e+12 6.734476121204125000e+12 8.730101295742267098e+01 1.011833339148638089e+02 7.057937192097459445e+01 1.254777206925920874e+00 2.185457670112364692e+00 1.841857931700948026e+00 8.311218977492431748e+01 7.453987341685289891e+01 3.792502199235554627e+01 1.243742514173421938e+02 3.504222964525263961e+01 9.331375275903933675e-01
5.409559317706027344e+12 5.413975557702068359e+12 1.021947793906724797e+02 9.936836109674534612e+01 1.140506256773591929e+02 1.514196667215708558e+00 1.353599792574327942e+00 1.849152628976327151e+00 1.176214335799235329e+02 7.511988310155199144e+01 4.430612279735718317e+01 1.049889476142226385e+02 1.758197689237667305e+01 9.168039916255291688e-01
2.601260134159542480e+12 4.000972925567392578e+12 6.377804614591855170e+01 6.636988943143349218e+01 2.613462821315006579e+01 8.332626598355659109e-01 8.288722324423439813e-01 1.308892462521540567e+00 1.311211098714736352e+02 7.478106202099736777e+01 1.311718930920482933e+02 1.112891842277138750e+02 3.189698155842765459e+01 7.548415831381924956e-01
4.010740620417634766e+12 5.576511896651679688e+12 7.625940279608012418e+01 8.934050041724556479e+01 1.015513596791253264e+02 5.850384208518760731e-01 1.374227722896006698e+00 2.574232761893699983e+00 1.177440969676057847e+02 9.080783714388616090e+01 5.210802720058348569e+01 1.175545430194905094e+02 3.765248274376013171e+01 8.728492888352574752e-01
3.384959150665855469e+12 5.286034688064665039e+12 1.051412933526195843e+02 8.873628589209803863e+01 8.949772119797610515e+01 1.645982994923199216e+00 1.226163363113718319e+00 1.074649460616419416e+00 9.947467036221364367e+01 6.739358542642433747e+01 2.335521996442349035e+01 1.181975550672629396e+02 5.120453962334167386e+00 8.453569464501858866e-01
3.478808752709791504e+12 4.461849002049073242e+12 1.039979958423142392e+02 9.477971519563463687e+01 8.641905513424160290e+01 1.961630834890036645e+00 1.434410997022197209e+00 1.070168738212468273e+00 1.415119555409570182e+02 7.100747262611480437e+01 4.821759419685509584e+01 9.981614354180103987e+01 1.757053499950157871e+01 8.530328276752241479e-01
6.314950835762851562e+12 7.345414122156399414e+12 1.071985189959019351e+02 1.034170262899588408e+02 1.081174620061117082e+02 1.485473113288449998e+00 1.542589092939455231e+00 1.855824176689700566e+00 8.002782701047814840e+01 9.705816479466197677e+01 3.416055362120572170e+01 1.509896571914653123e+02 3.155610515856081832e+01 8.630239272522721716e-01
2.646617205494428711e+12 5.049978763109620117e+12 1.023873857313432723e+02 8.763868409461021258e+01 7.520918819899289076e+01 1.513703179489942707e+00 9.669947659944572171e-01 8.543803255249857731e-01 1.036241612298893529e+02 7.886745957752677327e+01 4.037321250197020106e+01 1.000889908185050814e+02 1.598863509620203160e+01 9.076656650774574953e-01
3.670003439835853516e+12 7.519394940607521484e+12 1.043685736070803216e+02 9.167608655879527646e+01 9.887673908276551060e+01 1.476915826636363560e+00 9.844247812569288936e-01 1.524905541103589890e+00 9.942763815903627744e+01 1.024772124318950262e+02 3.324814501140554057e+01 1.446833363566356638e+02 4.110357138507360020e+01 9.004036947005967795e-01
6.088681704389041016e+12 6.272328709404082031e+12 1.071785461912520532e+02 9.266176178710774991e+01 9.976094833789501592e+01 1.814323764041453124e+00 1.343222412962084888e+00 1.901728288610655904e+00 1.077065519002668594e+02 8.491134330757867588e+01 4.045687422333558914e+01 1.140232899154636073e+02 1.827601722375333182e+01 9.452642137929372357e-01
1.892766661219704590e+12 1.445407656775695068e+12 8.528894291241242342e+01 8.683348872001062091e+01 8.491595508961218286e+01 9.658964507005970423e-01 1.298256248595498263e+00 1.290288769927419033e+00 6.893555602440208929e+01 4.833394465649421079e+01 2.863808349412065368e+01 3.900092877127661950e+01 1.571011267985077708e+01 7.417638122190880479e-01
3.832188527879944336e+12 4.693527088769369141e+12 1.063404735526989953e+02 9.682275817476012492e+01 1.052177356468011027e+02 1.567117014411012921e+00 9.732666855242620985e-01 1.685652038934978947e+00 1.095079708320296419e+02 9.162577431689734908e+01 3.958547944346913994e+01 1.154341999718381970e+02 3.596063074890310673e+01 8.044996555146994854e-01
3.775120893199481934e+12 3.536365185747561035e+12 7.392611314197748129e+01 7.526797908505420764e+01 7.722092581387130394e+01 1.261102889695431717e+00 2.194247552130575762e+00 1.351191194792508377e+00 1.071653503208488729e+02 8.925687334712738163e+01 5.299925461275641680e+01 8.755094590879936334e+01 3.198894773874753028e+01 8.124343426677749225e-01
4.445980410317641602e+12 4.040897249760820801e+12 9.449914504827079043e+01 9.548104032130821395e+01 9.629128610698737134e+01 1.338108966087383722e+00 9.559235486025673412e-01 1.517321897834604139e+00 7.550191485974264083e+01 6.505733843587621834e+01 3.207952371726584317e+01 9.878341967887656949e+01 2.040867993187372420e+01 8.149842964953183388e-01
3.880398094399024414e+12 3.711578522054179199e+12 4.803993225610236095e+01 7.589299299317565328e+01 -4.930105125941266486e+00 -1.265726587721145879e+00 1.892161888977012874e+00 1.394815260072468099e+01 1.467838501912776223e+02 1.407060161677727592e+02 6.300431519290478377e+01 8.890791594025887434e+01 3.794830679709411214e+01 8.259543359011741748e-01
3.908310398092238281e+12 1.784227438636307129e+12 7.864742006905585470e+01 9.934737844882313595e+01 7.588091899487056935e+01 2.019292683495737428e+00 1.872263836973002249e+00 1.605890548834643772e+00 1.203776699785421584e+02 8.815482762874735556e+01 4.221031607993886325e+01 4.747778265146880017e+01 1.759953927527648077e+01 7.632241700595130407e-01
4.359094305377592773e+12 4.687850903351720703e+12 9.251152463024654082e+01 9.121842550620240786e+01 9.523304710634383241e+01 1.684983240337405208e+00 9.291619455632575963e-01 1.586855531490336535e+00 1.127229541182583006e+02 8.824495884903720366e+01 3.675479588161531552e+01 8.129964447027050767e+01 2.819046136615955689e+01 9.673116147830393974e-01
3.493744725056659668e+12 4.014081362817478516e+12 8.353065634130419426e+01 8.347718066895232880e+01 7.478239148652168922e+01 9.094975084582511693e-01 9.349963515129555702e-01 1.039581010449848630e+00 9.547023271247718412e+01 6.103957437638838002e+01 4.516546182765228679e+01 9.199673836365455770e+01 4.131688393617318411e+01 8.442543362611437674e-01
3.962815819332623047e+12 4.293478850164848633e+12 8.724349145702960584e+01 8.049386818186738424e+01 9.504279959595123728e+01 1.432702498136029678e+00 9.235469704930668877e-01 1.514220926449165949e+00 9.729478689618602516e+01 7.639964348544138772e+01 5.433265576858804025e+01 1.051022712620232511e+02 2.261188636240317251e+01 8.118801787816389837e-01
5.767526411281956055e+12 3.892512909307020508e+12 7.031417891340329618e+01 9.122476910762125613e+01 5.863847157626213402e+01 5.440258407878107993e-01 1.396138898662545369e+00 8.811830665334472457e-01 1.218406267699058247e+02 8.652045759701638872e+01 4.749223332484680071e+01 1.101039570562790573e+02 3.992507039179136541e+01 7.486931937659947467e-01
5.971015658863388672e+12 4.547162570540839844e+12 7.924683693783234162e+01 9.172823584634642202e+01 9.605529410980986427e+01 1.719092935337740879e+00 2.093089794811860305e+00 2.316401177773229847e+00 1.277106092735220102e+02 5.888960610364505754e+01 6.815768144354404967e+01 1.156843987348478322e+02 4.725837945131917195e+01 7.896987202546490447e-01
3.935103228578740723e+12 3.509570836463317871e+12 8.595651186252746356e+01 8.655808005675562811e+01 6.839674347049754033e+01 8.829162255364976231e-01 1.245446998011078055e+00 3.462521586832796872e-01 1.124153562903525909e+02 8.699209727932110070e+01 3.136110986615598151e+01 1.152950453398158430e+02 2.217457567601611501e+01 6.857987674050546323e-01
4.291843900079658203e+12 4.469347012598293945e+12 1.077060850822931002e+02 9.019298889527608765e+01 1.050386216084850446e+02 1.404362240244895199e+00 4.330149924805849482e-01 1.532901092629235684e+00 6.846739384110091464e+01 4.511570066957010283e+01 2.112212023101966807e+01 7.282842744098924470e+01 1.983485165004531225e+01 9.903098865148585173e-01
4.011609101517108398e+12 3.439148860629468750e+12 6.248621733302316272e+01 8.831733360240072273e+01 6.919460951430096429e+01 1.635783324987200915e+00 1.234170970072807849e+00 1.352573992956302096e+00 1.541096730422170538e+02 1.148695626721305700e+02 6.082397160024278548e+01 8.836236425925982019e+01 1.906926113773153375e+01 7.971148567657962980e-01
6.205765948071141602e+12 4.866441228074720703e+12 8.714142050271428275e+01 1.037236607603286416e+02 4.686400094745940947e+01 1.474580098335164013e+00 1.735372119956031689e+00 9.571726591729837752e-01 1.690441929871663262e+02 1.330943785230572587e+02 1.213339399259356668e+02 1.236494404564687102e+02 3.386043649358632024e+01 7.851069824300869193e-01
4.673618487205691406e+12 4.737464668806638672e+12 8.818174993845140364e+01 9.778460168849845502e+01 5.323071875714821743e+01 1.079481912754374662e+00 1.556715999647144244e+00 4.123392803859896039e-01 1.163125688747947635e+02 6.600950691019725980e+01 5.552428977533012500e+01 1.279281653776881740e+02 7.558072576656607922e+00 7.558589044051721162e-01
4.235712180574577148e+12 5.271824158987075195e+12 5.085598681421613065e+01 7.660992894319545599e+01 9.578014210320218069e+01 1.139550471071608895e+00 -3.967858525844369377e-01 1.494828096949806895e+00 1.373342892892413261e+02 1.172620216430763946e+02 5.067953106649097350e+01 1.076330546022251156e+02 3.311228539266123505e+01 8.919419678703173204e-01
2.680606906773225586e+12 4.990337249431883789e+12 7.913400220518418848e+01 8.683619291339773838e+01 6.671893165715034968e+01 1.242877125919489734e+00 1.080012479325298758e+00 7.204097159980743514e-01 1.019554402514767304e+02 8.679735522460161690e+01 4.249561319078178911e+01 9.054162973633229683e+01 3.838514059640608167e+01 9.490660434488621400e-01
5.773173311528193359e+12 7.756250799003279297e+12 9.629756398398369299e+01 9.406266944272175579e+01 1.053262384813682075e+02 1.760529230987486926e+00 1.202010442591658901e+00 1.728288284199974489e+00 8.271766773715239651e+01 6.690362005884793462e+01 3.458640197892740531e+01 1.329081964734420751e+02 4.520928394374816151e+01 9.668133229407347429e-01
2.105775709012906738e+12 4.309623333045208008e+12 9.951984145781823088e+01 8.637313070334533904e+01 8.458266190447872646e+01 1.338003670574293036e+00 1.749696399504709676e+00 1.029622848214505781e+00 7.923896167384164357e+01 6.177420127322411503e+01 3.906947563353977415e+01 8.942904500344803864e+01 3.516166526839641193e+01 8.877873258223246689e-01
2.305811352481422852e+12 6.892609537895065430e+12 8.965707732143114583e+01 9.574119202793345096e+01 7.827892134726874929e+01 1.048927955815883495e+00 9.482382908989742676e-01 6.612715056676039538e-01 7.834523884559528994e+01 7.352684924808697531e+01 3.658939280179182418e+01 1.253328625928660500e+02 4.011084553538130137e+01 9.404177874578709684e-01
5.247422806963697266e+12 4.810942478673527344e+12 8.272402846170290047e+01 9.430024343638399387e+01 4.978728224560537541e+01 1.424293167638334134e+00 1.988678028182217616e+00 1.718224440100023509e+00 1.836512901102634316e+02 1.269641556346464171e+02 8.091996693257841855e+01 1.201086790460196454e+02 1.013457659918119980e+01 7.951045776108770502e-01
1.276412086886467529e+12 2.003384258216580811e+12 7.050826678180320073e+01 8.739870456223637518e+01 6.025922343727467734e+01 4.828881049955359439e-03 6.504647970126062884e-01 -1.059852112580963041e-01 7.527497364411807723e+01 6.378436578774828547e+01 2.337152788995178199e+01 3.740985556928730915e+01 4.271556634230844907e+01 8.633397933686521863e-01
6.103144118404853516e+12 7.104440548521041992e+12 8.985795683834506065e+01 8.355028522238602307e+01 7.419051859216821754e+01 1.610493312102652785e+00 1.603425093341799945e+00 1.597348898370138492e+00 1.080261344503869765e+02 7.619716646776552693e+01 4.074973907957907926e+01 1.341511792242826573e+02 4.119792088252945206e+01 9.167124345300899924e-01
3.752733568042644531e+12 4.659777236182406250e+12 1.053168633552893709e+02 9.851587247321727148e+01 1.146186486066903285e+02 1.816958108217760604e+00 1.732639030037089967e+00 1.908533370088907333e+00 1.168028964102056619e+02 9.331713129561303788e+01 5.911860024213368803e+01 7.925323960959150327e+01 2.042939757475140183e+01 9.752693886879467700e-01
3.281595996475613770e+12 4.611914750984355469e+12 1.046121354282964830e+02 9.913666593868748578e+01 9.899175763713083143e+01 1.386339770738167276e+00 1.280568748930900558e+00 1.590274485388140313e+00 6.933511850426809531e+01 8.062317331013089472e+01 2.794159399726287063e+01 9.316060645753888991e+01 3.095185419765094181e+01 8.997670731540989841e-01
4.501243930167639648e+12 3.181216478064037598e+12 7.392005453303069373e+01 8.700309471016296925e+01 1.106398346659164531e+02 1.641260633138331482e+00 1.852665342256076597e+00 1.877514245718007180e+00 1.217410527807491718e+02 9.070707992177908352e+01 5.641787442789362927e+01 5.112382779755441220e+01 2.493980851570874435e+01 9.625651697730309708e-01
5.414005913916670898e+12 4.984391242864364258e+12 8.660265396887011491e+01 8.248597135373499611e+01 1.032908412859385834e+02 1.634567032829003619e+00 9.855950243425904977e-01 1.718268754106492935e+00 1.054731448166385377e+02 1.036997978550456736e+02 5.440050681233371677e+01 1.437059580552446221e+02 3.959365991289428877e+01 7.154710619034942987e-01
2.505313433674877930e+12 2.046017860936687012e+12 6.224279023252023535e+01 4.285267044699632066e+01 9.535089220740370308e+01 1.278296002241848361e+00 9.039721716504688365e-01 2.394877044046748615e+00 1.779969902122836061e+02 1.419282094320383862e+02 7.846513053410814109e+01 6.068782184653498035e+01 3.534526501361263939e+01 7.388896894102784385e-01
2.991454974553464355e+12 3.913590682031730469e+12 8.001324455438020777e+01 8.595892840622479980e+01 6.468078627485128607e+01 8.199140626436256518e-01 1.257314033844817658e+00 1.166240727422976908e+00 1.147962164748912528e+02 8.064031925178760218e+01 4.218191586030602735e+01 8.485783919864226732e+01 3.253441267184768293e+01 8.683794770906870797e-01
3.776077353815351562e+12 4.858791528252693359e+12 9.347613655818166478e+01 9.833527642761305287e+01 9.555017095369444746e+01 1.150028464803020789e+00 1.269086455164904370e+00 1.435305053769781125e+00 7.155346937533239782e+01 6.140549396176328401e+01 3.019203025750680425e+01 9.767667026949793296e+01 1.749225871975470881e+01 9.015183308444982835e-01
4.066667673562117188e+12 4.108746842125810059e+12 1.127246065068106731e+02 1.004005625824010650e+02 1.029064371507586344e+02 2.054148363048736936e+00 1.351062810913373768e+00 1.541305179133567904e+00 1.060348648986896904e+02 8.328668228278752395e+01 3.141237086756911978e+01 8.728193202595750222e+01 2.345854610354897218e+01 8.774188389756073514e-01
5.397322115617392578e+12 4.456299554484456055e+12 1.029982999113130262e+02 9.648410016575017778e+01 1.016297870485506394e+02 1.494363309249866489e+00 1.596008077357998545e+00 1.617258049316665502e+00 9.554085533388443707e+01 6.265512310002053198e+01 2.917808714420641891e+01 1.158420943917878390e+02 3.703895090892721953e+01 7.803786101611434045e-01
4.001412089813489258e+12 6.009293072123391602e+12 9.987293011831638978e+01 9.152440825231168731e+01 6.384920542720062997e+01 1.510455939210167742e+00 9.003661535877783839e-01 8.614184442889697424e-01 8.494577192482793748e+01 9.519914505004020100e+01 3.333766113118295493e+01 1.102462444937019939e+02 4.074602555942851723e+01 9.419665144531913503e-01
5.015505424410575195e+12 3.434445329720378906e+12 9.852913889045751716e+01 8.833455131997799015e+01 7.178970250965834055e+01 1.620537946595473233e+00 5.806344410158120750e-01 8.919091820797447889e-01 9.077417653064907199e+01 6.307385437760160585e+01 3.989992006576720485e+01 6.512121064519701008e+01 2.860461589223170265e+01 9.157080250970175417e-01
3.788796613855630859e+12 3.852796271620166016e+12 6.861537545238789448e+01 6.185075906448409455e+01 8.165454701687036732e+01 1.035268197011963265e+00 6.697926647193256366e-01 1.638278616539883270e+00 1.543518718010600139e+02 1.079176672835374262e+02 1.272263355172471222e+02 8.827671796182465869e+01 2.278061776856219822e+01 8.447852460898919169e-01
4.528101267708391602e+12 4.412407164982611328e+12 8.989241150311880801e+01 8.905536778160896461e+01 5.954258899649647674e+01 1.061574918492445008e+00 1.303846493693826991e+00 4.167785943482183453e-01 9.629713854229996173e+01 7.510643377636540663e+01 3.984797620235084281e+01 1.051318141784354765e+02 1.940817148593642116e+01 8.235452632077000512e-01
4.875080772288451172e+12 3.905217331023892578e+12 6.687589808464002772e+01 7.915990595414754694e+01 6.191907504753444869e+01 1.607777489061415155e+00 1.816941811061568268e+00 1.131137082742202704e+00 1.180775910277591976e+02 6.528332417150571132e+01 5.375160282715766158e+01 7.646934812098739087e+01 4.456581901972089099e+01 9.103179490107453642e-01
4.604595376271246094e+12 4.770085340943641602e+12 9.619913028291490775e+01 1.006003232389321340e+02 7.383284690609377776e+01 1.440133753750783674e+00 1.205813030286058352e+00 1.161616812589413739e+00 1.165649193725019757e+02 6.664926186521043405e+01 3.394837639717175648e+01 1.134350578078614546e+02 1.783790748683187743e+01 8.203679012903494217e-01
3.084071737590292969e+12 4.725712914908037109e+12 6.762832656669669973e+01 4.337501729657598304e+01 2.156533686895184232e+01 1.316769932163357915e+00 -7.808822638612077149e+00 -4.654693879324939054e+00 1.783771248472525031e+02 1.586189394790140170e+02 1.140708364209009886e+02 1.203269959291675377e+02 1.946591504102191550e+01 7.864126255817505129e-01
4.741589784164845703e+12 4.307151895364450195e+12 8.932964555322045896e+01 8.543884271532427022e+01 8.023521706949883026e+01 1.158912374741370099e+00 1.409443018256534286e+00 2.135540681862201140e+00 1.151814028638202529e+02 7.136533222210474037e+01 3.757169356244700253e+01 9.547471836443084214e+01 1.369021750038088214e+01 8.581176612514203050e-01
3.092226363642651855e+12 4.703301831595830078e+12 8.124371561309567369e+01 1.039311680190501477e+02 8.477709067579824875e+01 9.846484855682061665e-01 1.747575941782607334e+00 1.366578736437358943e+00 1.041287197559247346e+02 6.088257535467511161e+01 4.148898898701519045e+01 9.019652041109775098e+01 3.615782442556707110e+01 9.233641929235634205e-01
2.782896350614613281e+12 4.077198295238646484e+12 9.048838691747641860e+01 8.680073615758203687e+01 9.517944115997174492e+01 1.230849961810439153e+00 1.360013609673216495e+00 1.647700957670215960e+00 7.268208733803896848e+01 5.011053774274060402e+01 4.190279181341841053e+01 8.554215609531416931e+01 4.063890925981270641e+01 8.827262858480298124e-01
3.022475662670498535e+12 4.239208050424512207e+12 1.021368835053828974e+02 9.846005156118667401e+01 8.815213354307978477e+01 1.450944836981770569e+00 1.069079196469426396e+00 1.612012119995133830e+00 9.633519803820098559e+01 1.102485092056271299e+02 4.196910819840701379e+01 9.712822218481841219e+01 2.127672340242098770e+01 8.433141913416550839e-01
5.095853407298179688e+12 3.853093885661105469e+12 8.369789262596425772e+01 9.528154001316451627e+01 7.488647194876391211e+01 1.017864466655718614e+00 1.819912284241806955e+00 1.528590720648185242e+00 1.677825813971836624e+02 1.215526852472638950e+02 6.332993447434423473e+01 6.700028814621542494e+01 1.723170525890854066e+01 9.551481081397581452e-01
4.527620110378797852e+12 7.071864726813956055e+12 9.020073651535396664e+01 8.795436302750151469e+01 1.033279515293433803e+02 1.370324664157806183e+00 1.127250412854103878e+00 1.875210558815046058e+00 1.089683588714634084e+02 7.102152349559982270e+01 6.343121325211910744e+01 1.438558198049709631e+02 2.324298920215261788e+01 8.734695999399052502e-01
5.486625771580921875e+12 4.709398675499669922e+12 9.121653091017964243e+01 9.716608436543745597e+01 8.097275726707943022e+01 1.517556983159993100e+00 1.527810609929225460e+00 1.265273218299221458e+00 1.157618199003510000e+02 9.826975211741651606e+01 4.031596749451048112e+01 8.986208897567061626e+01 3.204306690281514847e+01 9.256298386842168879e-01
4.395578673442802734e+12 4.953824602557545898e+12 7.316525628052008301e+01 7.503134548018668681e+01 5.607521429375240274e+01 8.530471737476253979e-01 1.163630826401574891e+00 1.359893926659161423e+00 1.330278182764796213e+02 9.679012664867445892e+01 8.154892730494610475e+01 1.333865103411351640e+02 1.361488518193788266e+01 7.529206482384762644e-01
4.526945544464214844e+12 4.776112456082055664e+12 6.372868375573715838e+01 6.391756216525935486e+01 6.719291678177040694e+01 3.241239354751319079e-01 -5.478298232586348293e-01 9.717313567992262868e-01 1.489458649374328161e+02 1.191536986261191515e+02 6.522785577352674125e+01 1.224545342407043620e+02 1.636862076381875752e+01 7.820055663942027113e-01
5.076267354446507812e+12 7.910045861791201172e+12 9.769631352983275008e+01 9.144286509812492625e+01 1.123050003240831813e+02 1.627385734229057412e+00 2.432742579685055695e+00 1.926035641609838978e+00 1.416529453443645252e+02 8.768160232528981624e+01 5.759458355438992072e+01 1.299693036105926183e+02 2.286731733392315391e+01 9.902043986629384120e-01
5.724001374061047852e+12 5.795390406938040039e+12 1.068841819246312497e+02 9.877255324438186790e+01 9.306902346214624799e+01 1.721618970013058414e+00 1.338891925925612014e+00 1.780342047519058557e+00 8.277944835232496246e+01 5.894727742959467776e+01 3.743991111189905041e+01 1.113586181384191462e+02 3.685359569226066156e+01 9.192676307766156629e-01
2.127177134470653320e+12 6.265187140704552734e+12 9.609836365418908599e+01 8.848543750135776520e+01 1.003248010965378398e+02 1.464866592711514981e+00 1.871923767982789588e+00 1.670593237269509368e+00 1.074637688738079788e+02 1.001534121224096339e+02 5.245575165307293020e+01 1.343987169546342102e+02 1.109963638867718316e+01 8.545714012254395087e-01
4.822291824095401367e+12 5.413946772988376953e+12 9.107518906750186716e+01 9.296900405824494840e+01 9.246064350242940577e+01 1.396396397033015546e+00 1.324472560568791701e+00 1.451775992810632854e+00 8.189002637654709815e+01 5.895533147610104407e+01 4.244098179640832313e+01 9.353807530313038399e+01 3.266900837376355327e+01 9.726623092636783596e-01
3.789713334523595703e+12 4.976836606693736328e+12 8.927917404033814819e+01 8.690355634270642327e+01 9.921646019367987890e+01 1.365927298859748396e+00 9.549787045045878831e-01 1.710596175260143736e+00 8.412351298640051311e+01 1.136120289200532767e+02 4.045986406238434085e+01 1.139508306761342027e+02 2.305449837406368729e+01 8.369318633835604038e-01
3.994212967466073730e+12 4.811055285456961914e+12 9.414451098726667055e+01 1.044840083379880156e+02 4.773039367423664459e+01 1.410020746891149646e+00 8.908942250750355729e-01 4.636125673487549448e-01 1.138144337888981283e+02 7.808718797067386674e+01 6.292799643565554391e+01 8.361939356458833572e+01 2.220039075124977224e+00 9.673132970829059207e-01
4.545221192234823242e+12 5.406840302081956055e+12 9.626023988620626426e+01 9.081202374967344326e+01 9.986014198809851905e+01 1.130553299377837773e+00 1.196028767874612209e+00 1.336595221193719318e+00 1.071705904928995778e+02 6.967423973542929616e+01 3.841868992155112750e+01 1.157814936841987787e+02 1.184813677514761565e+01 8.664487605677044790e-01
4.557351107721890625e+12 4.387200969265840332e+12 1.054329133198135082e+02 9.507536558092755286e+01 1.116078668039910156e+02 1.773285949584831656e+00 1.458496809079195433e+00 1.935000488808829466e+00 8.546139692147008304e+01 7.113171548322949889e+01 2.658411779437196643e+01 1.434982610543078181e+02 4.531625238467115224e+01 6.642495991590022797e-01
4.044045511206043945e+12 3.797623082537057129e+12 7.438272344952589776e+01 9.322299455200149509e+01 7.637303455498881988e+01 1.191703272000011360e+00 1.350217557413161185e+00 1.247957494087717834e+00 8.714930156089990021e+01 6.161881682820533968e+01 4.503228385383833654e+01 9.218157981206881857e+01 1.286910616675183405e+01 8.198369040434430044e-01
4.540971944830630859e+12 3.387007517337128418e+12 1.116575690350037746e+02 1.034328410362718245e+02 7.442167661710320203e+01 2.074523311484751886e+00 1.493054940177405809e+00 1.580188309333528940e+00 1.311780909464825697e+02 1.170033480083743314e+02 5.198688314836250157e+01 1.105076914469401430e+02 3.944901375884570882e+01 6.918793517017257644e-01
3.323130884124093750e+12 3.068470006918317871e+12 8.772935584155975164e+01 9.786745124838643051e+01 9.334951564445036354e+01 2.274137228109605502e+00 6.221217343414542356e-01 1.333659936535815493e+00 1.577661158080532857e+02 1.457906293328245226e+02 5.042012162171794643e+01 6.847161918312070839e+01 2.283330787162935849e+01 8.510128155592235899e-01
4.451008189194177734e+12 4.661793557128591797e+12 1.076608858995185756e+02 1.032239953439795386e+02 7.643032388337671534e+01 1.513149050176618271e+00 1.585588361973042648e+00 5.099486036269957889e-01 1.055801542141928167e+02 7.740521475606480806e+01 6.602591318647287721e+01 7.798217569425237627e+01 4.014610984803958615e+01 9.821991836215993033e-01
3.126617854932988281e+12 2.901243514600007324e+12 8.865579615510490896e+01 9.110136888192813842e+01 7.396889506814021331e+01 1.062703979533437648e+00 6.225395946439065131e-01 7.133408350813048582e-01 8.908395688310180560e+01 8.558254061378013944e+01 3.063935230073226990e+01 7.622358437988006585e+01 2.282466492743992958e+01 7.888056067899680279e-01
5.912247593465835938e+12 4.974090750857508789e+12 1.169579180604238928e+02 9.207202787831954538e+01 1.000887242548327123e+02 1.768451114605993135e+00 8.836278296924356956e-01 1.317609059173135977e+00 8.699880559468677177e+01 7.077279748492962597e+01 2.173570703179307984e+01 9.476360209465308060e+01 1.929764653060603408e+01 9.265333728808945457e-01
4.873535192274881836e+12 4.676985235591840820e+12 9.617101440733861750e+01 8.712817824463624561e+01 5.881662944292004624e+01 2.093254473418826311e+00 1.475471203377596741e+00 7.475367700378150460e-01 1.178245185536632107e+02 7.340469271378084670e+01 3.169410645213019251e+01 1.010188977449942342e+02 1.670207332192910599e+01 8.683003537834137475e-01
4.050614535852539062e+12 4.996212864921196289e+12 8.887693344250341454e+01 9.655687360746813397e+01 6.071975347394412381e+01 8.891934693704616199e-01 7.940080728871358184e-01 2.216989978469499356e-01 1.078579140363469975e+02 9.215559360162187374e+01 3.800890889006222295e+01 1.290665470727040827e+02 3.181974781931669938e+01 7.740730643560065349e-01
4.886646560639675781e+12 4.777395572406187500e+12 1.012483572168381158e+02 9.944240523436810975e+01 9.286810852621840695e+01 1.820587881390163032e+00 8.567350206366425303e-01 1.213410045869636855e+00 9.076941072344183681e+01 8.321108743832810717e+01 2.723734472431540254e+01 9.343667583504419838e+01 1.081953049744504014e+01 9.144560172518894081e-01
3.835476530113630859e+12 4.050068074032743652e+12 9.887064994452546784e+01 9.228517623079753207e+01 1.118939695952225719e+02 1.445679522001868111e+00 9.389169669504451310e-01 1.628596717192851706e+00 8.137951284607372315e+01 8.300001099189276488e+01 4.010643290037869235e+01 7.467057715321507771e+01 3.478414936575636318e+01 9.358255128932794209e-01
5.857733841471499023e+12 4.332413472647202148e+12 1.030418712020620262e+02 1.003026236630281147e+02 9.755806089373946577e+01 1.323119254469104167e+00 1.424602632426918314e+00 1.328329765112524541e+00 8.964145443341720920e+01 4.596966430280485127e+01 4.028491777418681608e+01 1.032680074302906945e+02 3.563220097577818279e+01 8.241384864533281007e-01
5.051272841036029297e+12 4.974545367899088867e+12 8.991162328898852252e+01 1.001471397177545128e+02 1.032539898089458035e+02 1.785433847257150708e+00 1.171151397291796181e+00 1.625372736349292691e+00 9.832649938069340578e+01 6.820081038092141057e+01 4.359599582913662630e+01 1.037584945894089401e+02 1.372934136563555896e+01 8.833212374359223906e-01
2.767132312582712891e+12 3.353710015815077148e+12 9.982372541821845857e+01 8.799299799693464763e+01 1.079105781036387270e+02 1.251779789984719615e+00 6.575374061981115181e-01 1.592779470776797712e+00 5.992557749681368762e+01 5.801449878006495453e+01 3.051656348826348975e+01 8.657847948179836806e+01 1.485276547074686171e+01 7.954863980045764338e-01
3.890450387397170410e+12 3.712220148858010742e+12 9.397331348153225861e+01 8.067455840846916715e+01 1.051336107536098297e+02 1.365646809913045212e+00 2.501665623230851510e-01 1.643408356591633313e+00 9.569016729652722120e+01 5.457302448232942282e+01 5.099483325215989282e+01 9.188418348111679279e+01 2.637467728340658724e+01 8.117448230802791764e-01
3.793367383331258789e+12 4.520331412080900391e+12 1.003018554605536252e+02 9.190002486716710450e+01 1.012092441515529089e+02 1.460253322244631446e+00 1.502308127444370145e+00 1.598097121427076495e+00 8.326786974818833187e+01 6.936206004347792486e+01 3.615250687200642687e+01 9.407770748518349535e+01 3.243842666521953788e+01 8.862630795035096876e-01
5.462961026625558594e+12 5.529843005263435547e+12 9.521924689037638245e+01 9.851564637584638717e+01 1.141674480958444633e+02 1.299858045768719661e+00 1.514192908790102710e+00 1.795365198609931268e+00 8.104152995950623506e+01 7.929951757816280633e+01 4.278464308929005000e+01 1.081586057179724065e+02 3.109886811592769362e+01 9.118733288315566954e-01
4.587931729390309570e+12 5.350606634870076172e+12 1.010161082930339660e+02 9.730805995304250189e+01 9.140007083201261651e+01 1.695797319512843959e+00 1.113058040698266415e+00 1.699487388059899073e+00 1.364738146470934055e+02 1.508170961522856146e+02 9.141640785888863263e+01 1.243849244306777848e+02 3.099686824419264042e+01 8.240292682928496149e-01
2.123046938043543457e+12 3.661922566656354004e+12 8.116722182435991328e+01 8.071095502120991227e+01 1.059885845394805415e+02 1.266502907590416394e+00 1.108585345772181707e+00 1.885451630910518706e+00 9.609114098051830410e+01 8.612462612815403418e+01 4.757176551924911934e+01 1.070482968126039367e+02 5.515770859531053283e+00 7.372295676360947070e-01
3.737304336257401367e+12 5.019589967028271484e+12 8.885639831083007323e+01 9.128977049765060769e+01 9.084917814951813853e+01 1.317021360983715361e+00 1.243984035929340370e+00 1.878976239426722650e+00 9.293839270001734576e+01 7.444990983396301942e+01 4.243726379375485891e+01 1.021641516678895414e+02 5.804229137564552055e+00 8.949786569388450408e-01
4.284481990296914551e+12 3.972155998673560547e+12 9.860800252033125446e+01 9.459959921641760161e+01 6.721337208825285359e+01 1.658438210768681254e+00 1.413424533116349746e+00 1.501155979911724669e+00 9.581190680386811209e+01 1.086549281300728893e+02 5.100921211825159673e+01 8.209077496857230472e+01 1.516259649345228766e+01 8.887529329148998736e-01
5.152858167301857422e+12 3.923140864518349121e+12 7.423587202467578550e+01 8.684305730089150188e+01 7.203418465745522781e+01 5.100730425010335800e-01 1.099699364768738530e+00 1.071510144169570466e+00 9.868725790027973233e+01 6.322971994358831438e+01 5.703334780152381711e+01 8.179796749122789379e+01 6.464485460987954291e+00 8.848471264632684630e-01
3.690659769414817871e+12 4.267160101396791992e+12 8.413902499722783546e+01 7.229507354598209190e+01 1.066597906712290467e+02 1.161171373228020887e+00 7.933037762381175417e-01 1.828134821339287397e+00 8.343024848888602207e+01 5.849527198891253477e+01 5.006596558513559359e+01 1.044592660312565897e+02 2.410981039568520856e+01 8.121598647169190333e-01
