0
1
2
4
5
7
8
9
10
11
12
13
14
16
17
18
19
20
22
25
26
27
28
33
34
36
40
41
44
45
46
47
48
49
50
51
52
55
56
57
59
60
62
66
67
68
70
71
72
73
75
76
77
79
82
83
84
85
86
89
90
92
93
94
95
96
98
100
102
103
105
107
109
110
111
113
114
115
118
119
121
123
125
126
128
131
132
134
136
137
141
142
144
145
146
147
148
156
160
161
162
164
165
167
170
171
172
173
178
181
182
183
184
185
187
188
192
193
196
197
198
199
202
203
204
206
210
213
214
216
217
218
219
229
230
233
234
237
258
260
265
266
273
274
277
279
280
281
283
284
288
291
292
296
297
300
308
309
317
319
320
321
324
325
327
331
338
343
344
353
355
356
359
361
362
363
364
366
367
376
383
384
398
399
400
413
424
425
428
429
439
440
456
472
487
500
