1
4
8
9
10
12
14
16
18
20
22
26
27
30
32
33
35
36
37
40
44
46
47
48
49
50
51
56
57
59
60
62
67
70
72
73
74
79
82
83
92
93
94
95
96
97
98
103
106
107
109
111
112
113
121
122
125
126
127
128
133
134
135
137
142
143
144
145
146
147
156
161
162
167
169
171
173
178
181
182
184
185
188
193
194
196
198
199
202
204
208
210
211
213
214
217
218
227
229
230
231
232
235
251
255
256
257
260
267
268
272
274
278
279
281
282
285
286
289
291
292
296
299
300
303
304
309
314
317
318
319
320
321
324
328
331
332
333
343
344
346
349
351
352
355
359
360
361
362
364
366
367
368
373
374
376
379
380
383
387
388
395
396
400
403
410
421
423
424
428
429
431
433
434
435
439
445
446
448
450
451
455
456
458
462
463
464
471
472
473
474
477
478
480
481
484
487
499
500
